0.000 -0.002 0.015
1.480 -0.017 0.015
2.960 -0.032 0.015
4.440 -0.032 0.015
5.920 -0.009 0.015
7.400 -0.027 0.015
8.880 0.000 0.014
10.360 -0.035 0.015
11.840 -0.020 0.015
13.320 -0.013 0.015
14.800 -0.023 0.015
16.280 -0.024 0.015
17.760 -0.015 0.015
19.240 -0.026 0.015
20.720 -0.039 0.015
22.200 -0.034 0.015
23.680 -0.088 0.016
25.160 -0.143 0.017
26.640 -0.176 0.018
28.120 -0.186 0.018
29.600 -0.218 0.019
31.080 -0.236 0.019
32.560 -0.245 0.019
34.040 -0.307 0.021
35.520 -0.287 0.020
37.000 -0.305 0.021
38.480 -0.386 0.023
39.960 -0.400 0.023
41.440 -0.442 0.024
42.920 -0.451 0.024
44.400 -0.451 0.024
45.880 -0.484 0.025
47.360 -0.523 0.026
48.840 -0.563 0.028
50.320 -0.599 0.029
51.800 -0.551 0.027
53.280 -0.597 0.029
54.760 -0.606 0.029
56.240 -0.658 0.031
57.720 -0.707 0.033
59.200 -0.682 0.032
60.680 -0.703 0.033
62.160 -0.734 0.034
63.640 -0.753 0.034
65.120 -0.797 0.036
66.600 -0.793 0.036
68.080 -0.911 0.041
69.560 -0.829 0.038
71.040 -0.986 0.045
72.520 -0.855 0.039
74.000 -1.014 0.047
75.480 -1.006 0.046
76.960 -0.979 0.045
78.440 -1.024 0.047
79.920 -1.071 0.050
81.400 -1.014 0.047
82.880 -0.969 0.044
84.360 -1.080 0.050
85.840 -1.138 0.054
87.320 -1.399 0.073
88.800 -1.092 0.051
90.280 -1.114 0.052
91.760 -1.252 0.061
93.240 -1.246 0.061
94.720 -1.327 0.067
96.200 -1.455 0.077
97.680 -1.342 0.068
99.160 -1.486 0.080
100.640 -1.543 0.086
102.120 -1.199 0.058
103.600 -1.417 0.074
105.080 -1.334 0.067
106.560 -1.486 0.080
108.040 -1.703 0.103
109.520 -1.305 0.065
111.000 -1.476 0.079
112.480 -1.519 0.083
113.960 -1.465 0.078
115.440 -1.476 0.079
116.920 -1.721 0.105
118.400 -1.391 0.072
119.880 -1.455 0.077
121.360 -2.212 0.185
122.840 -1.486 0.080
124.320 -1.654 0.097
125.800 -1.930 0.134
127.280 -2.029 0.150
128.760 -2.673 0.315
130.240 -1.595 0.091
