0.0000e+00 2.1892e+00 1.4663e-01
4.0404e-01 1.9287e+00 1.3962e-01
8.0808e-01 1.7926e+00 1.3300e-01
1.2121e+00 1.6045e+00 1.2675e-01
1.6162e+00 1.2705e+00 1.2085e-01
2.0202e+00 1.4040e+00 1.1529e-01
2.4242e+00 1.1855e+00 1.1004e-01
2.8283e+00 1.2993e+00 1.0510e-01
3.2323e+00 1.0850e+00 1.0044e-01
3.6364e+00 1.0326e+00 9.6055e-02
4.0404e+00 9.7743e-01 9.1934e-02
4.4444e+00 8.2311e-01 8.8061e-02
4.8485e+00 5.4100e-01 8.4424e-02
5.2525e+00 6.3414e-01 8.1013e-02
5.6566e+00 5.6934e-01 7.7816e-02
6.0606e+00 6.2292e-01 7.4824e-02
6.4646e+00 6.3881e-01 7.2025e-02
6.8687e+00 4.7597e-01 6.9410e-02
7.2727e+00 3.5773e-01 6.6971e-02
7.6768e+00 3.9083e-01 6.4697e-02
8.0808e+00 4.0086e-01 6.2581e-02
8.4848e+00 3.4872e-01 6.0614e-02
8.8889e+00 4.2119e-01 5.8788e-02
9.2929e+00 3.5820e-01 5.7096e-02
9.6970e+00 2.5181e-01 5.5528e-02
1.0101e+01 2.7971e-01 5.4080e-02
1.0505e+01 2.9961e-01 5.2742e-02
1.0909e+01 3.5313e-01 5.1509e-02
1.1313e+01 2.4650e-01 5.0374e-02
1.1717e+01 1.4240e-01 4.9331e-02
1.2121e+01 2.1375e-01 4.8373e-02
1.2525e+01 1.6427e-01 4.7494e-02
1.2929e+01 1.9423e-01 4.6689e-02
1.3333e+01 1.2749e-01 4.5953e-02
1.3737e+01 1.8068e-01 4.5281e-02
1.4141e+01 2.1228e-01 4.4668e-02
1.4545e+01 2.1602e-01 4.4108e-02
1.4949e+01 1.8708e-01 4.3599e-02
