4 1.44
4 1.40
4 1.70
4 1.41
4 1.37
4 1.54
4 1.35
4 1.44
4 1.50
4 1.64
6 1.13
6 1.14
6 1.13
6 1.10
6 1.20
6 1.13
6 1.07
6 1.25
6 1.16
6 1.17
8 0.87
8 0.77
8 0.89
8 0.79
8 0.72
8 0.82
8 0.76
8 0.66
8 0.78
8 0.74
10 0.98
10 0.91
10 0.83
10 0.88
10 0.82
10 0.60
10 0.81
10 0.83
10 0.77
10 0.94
12 0.74
12 0.76
12 0.84
12 0.78
12 0.79
12 0.80
12 0.73
12 1.02
12 0.96
12 0.70
15 0.68
15 0.59
15 0.56
15 0.65
15 0.73
15 0.52
15 0.75
15 0.73
15 0.62
15 0.40
18 0.52
18 0.63
18 0.74
18 0.55
18 0.54
18 0.69
18 0.66
18 0.55
18 0.68
18 0.73