0.02 2.98
0.02 2.24
0.02 3.00
0.02 2.98
0.02 2.93
0.02 2.79
0.02 3.10
0.02 2.70
0.02 2.95
0.02 3.18
0.07 1.44
0.07 1.40
0.07 1.70
0.07 1.41
0.07 1.37
0.07 1.54
0.07 1.35
0.07 1.44
0.07 1.50
0.07 1.64
0.10 1.13
0.10 1.14
0.10 1.13
0.10 1.10
0.10 1.20
0.10 1.13
0.10 1.07
0.10 1.25
0.10 1.16
0.10 1.17
0.14 0.87
0.14 0.77
0.14 0.89
0.14 0.79
0.14 0.72
0.14 0.82
0.14 0.76
0.14 0.66
0.14 0.78
0.14 0.74
0.17 0.98
0.17 0.91
0.17 0.83
0.17 0.88
0.17 0.82
0.17 0.60
0.17 0.81
0.17 0.83
0.17 0.77
0.17 0.94
0.21 0.74
0.21 0.76
0.21 0.84
0.21 0.78
0.21 0.79
0.21 0.80
0.21 0.73
0.21 1.02
0.21 0.96
0.21 0.70
0.26 0.68
0.26 0.59
0.26 0.56
0.26 0.65
0.26 0.73
0.26 0.52
0.26 0.75
0.26 0.73
0.26 0.62
0.26 0.40
0.31 0.52
0.31 0.63
0.31 0.74
0.31 0.55
0.31 0.54
0.31 0.69
0.31 0.66
0.31 0.55
0.31 0.68
0.31 0.73
